1 watch out for rocks
0 0 | 700 0 | 700 250 | 0 250 | 0 0
20 100
650 80
2
200 0 | 260 0 | 230 140 | 200 0
300 250 | 340 150 | 380 250 | 300 250

2 the wall
0 0 | 700 0 | 700 250 | 0 250 | 0 0
20 200
650 80
5
200 250 | 240 150 | 280 250 | 200 250
300 250 | 340 150 | 380 250 | 300 250
100 250 | 140 150 | 180 250 | 100 250
150 80 | 340 130 | 380 80 | 300 80
400 0 | 450 0 | 450 200 | 400 200 | 400 0

3 The Polyhedron
0 0 | 700 0 | 700 250 | 0 250 | 0 0
10 175
675 230
3
600 250 | 620 170 | 620 250 | 600 250
700 150 | 680 170 | 680 200 | 700 200
170 60 | 210 70 | 220 90 | 230 100 | 240 110 | 250 130 | 260 140 | 270 160 | 290 170 | 260 190 | 250 200 | 240 200 | 230 190 | 220 180 | 210 140 | 170 60